12
1.020000 0.830000 0.510000 0.110000 2.030000 1.610000 0.160000 0.940000 0.760000 2.360000 0.030000 0.760000 
1.150000 2.300000 0.050000 1.800000 0.490000 0.140000 1.700000 1.730000 2.070000 2.130000 1.760000 2.020000 
0.390000 2.550000 2.160000 1.570000 0.200000 0.770000 2.440000 1.210000 0.390000 0.890000 0.660000 1.240000 
1.560000 1.930000 2.480000 2.050000 1.400000 1.350000 0.320000 0.350000 1.000000 1.840000 1.660000 1.350000 
1.490000 0.760000 1.760000 0.900000 1.410000 0.780000 0.450000 1.530000 2.310000 0.610000 1.770000 0.960000 
2.220000 1.770000 1.280000 1.730000 0.080000 0.650000 2.330000 1.030000 0.650000 1.650000 2.130000 1.590000 
2.280000 0.240000 1.590000 0.210000 0.660000 0.000000 0.380000 2.540000 0.760000 2.090000 0.330000 0.040000 
1.470000 0.470000 1.790000 1.430000 1.150000 0.830000 0.640000 0.670000 1.380000 1.750000 1.260000 2.020000 
1.110000 2.130000 2.070000 2.110000 1.610000 1.490000 2.060000 0.900000 1.900000 1.010000 0.390000 0.420000 
2.460000 0.070000 1.730000 1.610000 1.900000 1.010000 1.660000 1.800000 2.010000 1.920000 1.050000 0.500000 
0.520000 0.090000 0.440000 0.770000 0.010000 1.430000 0.230000 0.860000 1.980000 2.190000 1.570000 2.000000 
1.660000 2.160000 0.110000 1.360000 1.290000 0.560000 0.970000 1.070000 1.040000 0.180000 0.980000 2.490000 